xof 0303txt 0032
template Frame {
 <3d82ab46-62da-11cf-ab39-0020af71e433>
 [...]
}

template Matrix4x4 {
 <f6f23f45-7686-11cf-8f52-0040333594a3>
 array FLOAT matrix[16];
}

template FrameTransformMatrix {
 <f6f23f41-7686-11cf-8f52-0040333594a3>
 Matrix4x4 frameMatrix;
}

template AnimTicksPerSecond {
 <9e415a43-7ba6-4a73-8743-b73d47e88476>
 DWORD AnimTicksPerSecond;
}

template Animation {
 <3d82ab4f-62da-11cf-ab39-0020af71e433>
 [...]
}

template AnimationSet {
 <3d82ab50-62da-11cf-ab39-0020af71e433>
 [Animation <3d82ab4f-62da-11cf-ab39-0020af71e433>]
}

template FloatKeys {
 <10dd46a9-775b-11cf-8f52-0040333594a3>
 DWORD nValues;
 array FLOAT values[nValues];
}

template TimedFloatKeys {
 <f406b180-7b3b-11cf-8f52-0040333594a3>
 DWORD time;
 FloatKeys tfkeys;
}

template AnimationKey {
 <10dd46a8-775b-11cf-8f52-0040333594a3>
 DWORD keyType;
 DWORD nKeys;
 array TimedFloatKeys keys[nKeys];
}


Frame SceneRoot {
 

 FrameTransformMatrix {
  1.000000,0.000000,0.000000,0.000000,0.000000,1.000000,0.000000,0.000000,0.000000,0.000000,1.000000,0.000000,0.000000,0.000000,0.000000,1.000000;;
 }

 Frame bone2 {
  

  FrameTransformMatrix {
   -0.000001,0.503305,-9.987326,0.000000,10.000000,-0.000001,-0.000001,0.000000,-0.000001,-9.987326,-0.503305,0.000000,0.004724,0.454100,0.003334,1.000000;;
  }

  Frame bone03 {
   

   FrameTransformMatrix {
    -0.000099,0.999919,0.012729,0.000000,0.991533,0.001751,-0.129842,0.000000,-0.129854,0.012608,-0.991453,0.000000,-0.786268,0.013906,-0.019055,1.000000;;
   }
  }

  Frame bone04 {
   

   FrameTransformMatrix {
    -0.000099,0.999919,0.012730,0.000000,-0.780764,-0.008031,0.624774,0.000000,0.624826,-0.009877,0.780702,0.000000,0.840749,0.004429,0.066105,1.000000;;
   }
  }
 }
}

AnimTicksPerSecond  {
 4800;
}

AnimationSet Anims_1 {
 

 Animation {
  
  { bone2 }

  AnimationKey  {
   4;
   2;
   0;16;-0.000001,0.503305,-9.987326,0.000000,10.000000,-0.000001,-0.000001,0.000000,-0.000001,-9.987326,-0.503305,0.000000,0.004724,0.454100,0.003334,1.000000;;,
   6400;16;-0.000001,0.503305,-9.987326,0.000000,10.000000,-0.000001,-0.000001,0.000000,-0.000001,-9.987326,-0.503305,0.000000,0.004724,0.454100,0.003334,1.000000;;;
  }
 }

 Animation {
  
  { bone03 }

  AnimationKey  {
   4;
   2;
   0;16;-0.000099,0.999919,0.012729,0.000000,0.991533,0.001751,-0.129842,0.000000,-0.129854,0.012608,-0.991453,0.000000,-0.786269,0.013906,-0.019055,1.000000;;,
   6400;16;-0.000099,0.999919,0.012729,0.000000,0.991533,0.001751,-0.129842,0.000000,-0.129854,0.012608,-0.991453,0.000000,-0.786269,0.013906,-0.019055,1.000000;;;
  }
 }

 Animation {
  
  { bone04 }

  AnimationKey  {
   4;
   2;
   0;16;-0.000099,0.999919,0.012730,0.000000,-0.780764,-0.008031,0.624774,0.000000,0.624826,-0.009877,0.780702,0.000000,0.840749,0.004429,0.066105,1.000000;;,
   6400;16;-0.000099,0.999919,0.012730,0.000000,-0.780764,-0.008031,0.624774,0.000000,0.624826,-0.009877,0.780702,0.000000,0.840749,0.004429,0.066105,1.000000;;;
  }
 }
}